active 1
playing -1
playlist 0
position 2125
shuffle 245,246,284,285,448,449,443,444,445,446,456,442,436,2183,2196,2197
shuffle 2198,2146,2136,2130,2128,2127,2123,2124,2125
resume-state 1
resume-time 49358
playlist 1
position -1
shuffle 11,1,8,3,10,689,896,707,705,709,710,711,712,765,767,768
shuffle 779,780,781,782,25,75,17,13,82,132,133,249,121,400,403,404
shuffle 376,399,409,418,419,405,406,407,1169,1071,1075,1170,1171
resume-state 1
resume-time 0
playlist 2
position 1036
shuffle 1029,1030,1031,1032,1033,1034,1035,1036
resume-state 1
resume-time 19285
